200 1000 0 0
7 169 1
29 105 1
83 197 1
43 44 1
20 34 1
175 141 1
186 40 1
173 58 1
14 159 1
116 48 1
154 129 1
181 173 1
31 94 1
69 175 1
187 64 1
97 166 1
29 173 1
130 188 1
165 22 1
51 178 1
80 79 1
125 165 1
57 69 1
102 4 1
53 193 1
0 37 1
6 186 1
91 23 1
90 138 1
8 152 1
78 63 1
60 172 1
48 75 1
104 144 1
19 45 1
124 8 1
159 15 1
131 82 1
112 8 1
73 176 1
112 142 1
106 122 1
144 192 1
151 191 1
27 188 1
71 15 1
170 198 1
113 177 1
66 170 1
76 184 1
98 109 1
190 137 1
99 105 1
61 147 1
186 166 1
149 166 1
198 26 1
191 172 1
33 158 1
151 8 1
21 50 1
6 99 1
172 59 1
103 189 1
119 189 1
39 102 1
109 69 1
102 91 1
77 20 1
172 127 1
115 95 1
70 171 1
71 56 1
115 0 1
49 25 1
138 169 1
109 31 1
166 52 1
117 1 1
58 148 1
25 73 1
159 152 1
10 122 1
32 192 1
143 54 1
158 16 1
181 146 1
26 172 1
33 177 1
167 5 1
132 98 1
87 68 1
155 150 1
72 106 1
193 58 1
76 176 1
98 90 1
178 43 1
40 195 1
35 38 1
184 68 1
73 141 1
124 182 1
16 109 1
181 108 1
89 35 1
1 158 1
150 177 1
102 151 1
65 89 1
30 193 1
173 167 1
98 158 1
11 2 1
72 57 1
173 61 1
69 139 1
40 12 1
12 118 1
37 83 1
185 90 1
5 168 1
96 144 1
107 46 1
120 167 1
158 8 1
137 91 1
185 52 1
63 40 1
185 186 1
8 87 1
122 45 1
146 142 1
33 63 1
157 41 1
81 158 1
156 167 1
199 97 1
120 129 1
22 162 1
111 58 1
197 100 1
130 65 1
8 49 1
199 154 1
151 117 1
74 26 1
145 148 1
170 113 1
109 178 1
168 41 1
189 103 1
59 0 1
11 119 1
187 48 1
165 17 1
96 136 1
7 126 1
93 179 1
175 98 1
0 32 1
126 103 1
125 54 1
138 25 1
145 110 1
154 64 1
167 191 1
189 54 1
30 155 1
114 153 1
140 3 1
130 134 1
29 119 1
104 22 1
146 39 1
111 107 1
36 109 1
175 38 1
129 178 1
17 24 1
128 31 1
129 61 1
8 109 1
84 137 1
11 138 1
88 196 1
23 129 1
87 166 1
89 153 1
25 133 1
130 74 1
130 96 1
95 30 1
36 177 1
157 129 1
25 27 1
55 0 1
196 168 1
111 69 1
74 7 1
41 72 1
78 66 1
116 169 1
102 154 1
68 132 1
30 185 1
144 160 1
132 63 1
88 13 1
81 92 1
164 2 1
2 29 1
3 165 1
183 126 1
83 1 1
158 155 1
152 158 1
177 123 1
146 192 1
133 73 1
181 179 1
103 96 1
56 103 1
112 50 1
6 56 1
183 88 1
148 156 1
88 109 1
15 107 1
142 106 1
86 134 1
4 151 1
13 91 1
90 76 1
92 53 1
163 175 1
40 151 1
126 182 1
155 145 1
53 161 1
196 15 1
169 123 1
137 45 1
89 19 1
48 43 1
175 148 1
109 190 1
101 193 1
24 91 1
198 21 1
73 193 1
96 3 1
15 176 1
0 161 1
28 141 1
8 3 1
24 159 1
66 165 1
195 49 1
91 138 1
78 156 1
42 41 1
190 37 1
73 144 1
37 40 1
50 156 1
38 48 1
89 49 1
66 50 1
68 143 1
105 16 1
77 94 1
130 126 1
140 6 1
195 128 1
4 28 1
138 96 1
87 189 1
170 51 1
137 48 1
92 113 1
22 185 1
73 0 1
89 145 1
131 148 1
23 75 1
160 172 1
74 127 1
11 198 1
171 21 1
16 47 1
12 133 1
4 47 1
93 18 1
169 191 1
135 158 1
16 172 1
5 146 1
18 170 1
171 89 1
21 10 1
86 1 1
136 179 1
1 58 1
108 193 1
32 151 1
77 86 1
158 120 1
168 134 1
131 61 1
42 90 1
150 79 1
52 9 1
14 62 1
69 39 1
84 121 1
167 137 1
5 136 1
26 91 1
40 154 1
121 115 1
79 3 1
13 173 1
131 34 1
100 103 1
10 71 1
137 59 1
164 114 1
43 151 1
187 24 1
69 146 1
191 45 1
151 123 1
21 165 1
10 139 1
99 35 1
16 164 1
68 39 1
151 55 1
42 159 1
135 35 1
152 76 1
102 32 1
19 172 1
61 167 1
1 164 1
185 39 1
134 149 1
29 136 1
114 197 1
41 20 1
98 186 1
28 49 1
163 64 1
28 38 1
84 7 1
151 164 1
94 132 1
82 46 1
199 73 1
120 116 1
69 50 1
172 147 1
7 123 1
113 22 1
171 73 1
181 87 1
127 95 1
118 35 1
109 40 1
49 168 1
34 128 1
49 51 1
184 126 1
152 145 1
85 168 1
165 99 1
153 147 1
122 51 1
119 133 1
109 2 1
133 117 1
189 2 1
127 136 1
187 8 1
128 10 1
189 90 1
84 94 1
61 44 1
199 171 1
163 67 1
186 41 1
21 187 1
38 179 1
69 42 1
111 171 1
98 63 1
150 159 1
26 94 1
38 5 1
58 61 1
93 51 1
157 138 1
61 140 1
42 55 1
4 119 1
38 141 1
65 196 1
6 198 1
18 181 1
37 54 1
34 14 1
86 168 1
101 54 1
9 188 1
169 52 1
100 174 1
194 151 1
72 1 1
147 144 1
151 47 1
186 99 1
71 38 1
69 100 1
130 113 1
178 74 1
198 133 1
35 69 1
78 83 1
1 178 1
81 120 1
73 82 1
124 145 1
98 44 1
199 37 1
149 4 1
177 6 1
105 110 1
63 193 1
96 28 1
10 55 1
61 15 1
91 172 1
30 19 1
59 127 1
62 131 1
183 105 1
163 146 1
180 176 1
60 70 1
88 137 1
62 36 1
23 108 1
72 50 1
18 58 1
179 117 1
134 182 1
128 62 1
65 150 1
189 131 1
129 81 1
33 83 1
43 97 1
12 166 1
23 138 1
161 131 1
68 62 1
123 195 1
30 126 1
180 138 1
187 126 1
135 175 1
91 125 1
82 57 1
142 85 1
184 91 1
175 9 1
81 112 1
186 64 1
144 169 1
182 105 1
128 147 1
128 2 1
33 34 1
88 167 1
23 100 1
119 76 1
82 136 1
51 163 1
110 161 1
111 146 1
47 98 1
196 139 1
51 68 1
75 187 1
186 121 1
95 29 1
14 106 1
67 124 1
48 22 1
43 116 1
40 198 1
84 59 1
131 135 1
114 143 1
136 79 1
174 171 1
163 21 1
158 126 1
110 123 1
76 90 1
142 115 1
169 159 1
57 5 1
86 48 1
127 147 1
141 159 1
198 174 1
59 156 1
57 84 1
196 158 1
51 98 1
152 80 1
190 38 1
73 123 1
159 107 1
64 63 1
165 56 1
68 122 1
90 47 1
108 24 1
144 150 1
104 121 1
123 138 1
186 25 1
173 54 1
75 157 1
46 27 1
48 120 1
88 22 1
50 86 1
16 64 1
140 53 1
89 135 1
87 91 1
49 144 1
173 133 1
99 82 1
34 115 1
116 140 1
143 39 1
21 27 1
47 52 1
140 121 1
132 45 1
29 153 1
71 148 1
134 49 1
117 5 1
159 22 1
121 64 1
0 101 1
112 4 1
198 49 1
150 85 1
169 170 1
160 102 1
23 5 1
173 95 1
154 144 1
65 142 1
94 32 1
53 56 1
87 178 1
113 28 1
91 137 1
37 145 1
109 114 1
167 165 1
127 112 1
9 0 1
197 143 1
9 134 1
96 50 1
137 171 1
179 188 1
14 147 1
173 191 1
126 39 1
5 87 1
134 158 1
65 104 1
186 56 1
69 7 1
69 18 1
24 83 1
50 78 1
157 26 1
68 144 1
113 135 1
7 130 1
58 182 1
74 87 1
96 34 1
122 48 1
13 152 1
100 82 1
38 117 1
58 87 1
65 172 1
153 60 1
52 190 1
137 38 1
50 146 1
60 160 1
149 67 1
163 130 1
75 16 1
187 148 1
197 162 1
32 149 1
89 166 1
107 197 1
128 35 1
128 24 1
56 77 1
167 1 1
166 127 1
154 30 1
87 181 1
180 133 1
105 124 1
137 29 1
34 77 1
19 140 1
159 110 1
86 108 1
54 52 1
154 98 1
175 149 1
43 160 1
172 47 1
8 75 1
50 59 1
198 139 1
127 55 1
139 46 1
108 115 1
15 43 1
19 102 1
158 187 1
26 198 1
14 90 1
29 183 1
153 186 1
102 109 1
106 168 1
93 38 1
125 175 1
116 115 1
62 12 1
174 49 1
107 178 1
32 191 1
22 90 1
177 89 1
122 136 1
197 134 1
3 150 1
49 70 1
132 86 1
92 46 1
77 95 1
97 165 1
182 2 1
43 84 1
153 148 1
11 17 1
72 83 1
53 20 1
152 75 1
149 157 1
50 119 1
67 160 1
39 82 1
134 120 1
115 7 1
11 85 1
96 181 1
85 41 1
45 1 1
3 44 1
17 107 1
116 28 1
133 58 1
5 79 1
3 169 1
188 63 1
130 34 1
127 66 1
89 130 1
43 8 1
174 147 1
122 196 1
30 112 1
152 105 1
120 60 1
75 103 1
85 128 1
161 156 1
86 158 1
28 107 1
39 6 1
60 57 1
105 154 1
9 178 1
141 29 1
52 116 1
164 19 1
78 100 1
52 10 1
190 14 1
31 115 1
196 39 1
178 148 1
89 160 1
102 14 1
97 119 1
96 56 1
58 109 1
25 34 1
185 127 1
93 99 1
54 55 1
71 74 1
78 73 1
143 64 1
171 131 1
6 101 1
176 37 1
45 129 1
79 189 1
167 111 1
2 36 1
139 144 1
83 8 1
146 199 1
36 135 1
147 19 1
42 26 1
127 194 1
11 69 1
177 53 1
92 30 1
130 111 1
127 9 1
32 144 1
174 158 1
77 79 1
168 138 1
137 196 1
59 86 1
48 183 1
195 7 1
54 85 1
112 136 1
137 90 1
186 81 1
59 163 1
136 134 1
3 85 1
180 106 1
53 12 1
152 50 1
116 69 1
0 61 1
169 108 1
61 35 1
134 123 1
65 69 1
115 21 1
125 52 1
45 121 1
75 30 1
15 133 1
123 136 1
120 51 1
142 132 1
69 119 1
13 128 1
89 94 1
48 118 1
26 182 1
188 66 1
106 152 1
119 28 1
139 87 1
198 96 1
116 99 1
158 105 1
169 149 1
188 145 1
29 140 1
71 146 1
40 139 1
116 167 1
99 137 1
178 26 1
40 178 1
0 42 1
34 64 1
6 142 1
152 59 1
169 100 1
63 99 1
52 196 1
133 130 1
143 144 1
77 169 1
111 88 1
103 153 1
55 127 1
83 183 1
145 159 1
118 173 1
157 139 1
199 145 1
15 19 1
139 11 1
82 1 1
120 71 1
86 35 1
170 9 1
193 139 1
70 146 1
80 149 1
136 118 1
65 23 1
26 57 1
176 69 1
93 36 1
77 14 1
63 186 1
135 31 1
194 163 1
182 66 1
100 80 1
155 191 1
94 49 1
11 167 1
95 57 1
171 107 1
67 174 1
120 33 1
49 8 1
28 91 1
101 28 1
121 160 1
197 160 1
26 19 1
191 60 1
157 169 1
121 54 1
83 107 1
131 68 1
138 84 1
136 12 1
90 192 1
100 31 1
151 43 1
186 84 1
145 63 1
66 106 1
98 56 1
181 72 1
88 187 1
127 80 1
7 147 1
77 44 1
9 113 1
35 138 1
194 182 1
137 172 1
73 124 1
90 165 1
34 18 1
43 147 1
24 62 1
102 77 1
79 78 1
44 182 1
10 124 1
184 130 1
128 52 1
56 94 1
71 31 1
43 109 1
98 86 1
107 40 1
3 118 1
28 94 1
139 90 1
120 27 1
140 120 1
158 97 1
137 191 1
25 37 1
112 109 1
192 62 1
1 182 1
128 159 1
87 138 1
171 50 1
98 48 1
101 77 1
6 20 1
104 62 1
70 51 1
51 186 1
77 36 1
19 130 1
150 124 1
10 48 1
115 111 1
71 61 1
92 112 1
26 109 1
192 169 1
189 78 1
62 146 1
75 3 1
120 46 1
123 120 1
122 19 1
167 166 1
71 179 1
97 76 1
114 117 1
60 25 1
98 106 1
148 150 1
79 21 1
31 6 1
9 29 1
25 185 1
35 188 1
1 18 1
137 66 1
60 161 1
1 163 1
169 27 1
157 133 1
175 158 1
166 98 1
188 34 1
92 36 1
118 50 1
160 56 1
178 78 1
24 123 1
49 88 1
139 44 1
15 52 1
126 59 1
47 102 1
48 132 1
132 95 1
188 91 1
98 59 1
125 39 1
93 192 1
174 19 1
104 16 1
31 14 1
110 127 1
6 194 1
145 123 1
22 88 1
37 195 1
63 34 1
90 89 1
105 26 1
44 29 1
106 139 1
165 137 1
182 178 1
100 181 1
109 1 1
61 98 1
164 36 1
129 180 1
176 92 1
196 162 1
126 89 1
59 199 1
187 102 1
196 56 1
1 155 1
31 15 1
86 126 1
